AdviceController 1 349 1.50 87.510 471 899,588 1,352,000
AdviceService 1 2,196 1.49 87.520 471 899,627 1,339,000
AlertController 0 289 1.37 15.310 2 157,323 214,700
AlertService 0 148 0.91 124.100 809 1,275,337 1,166,000
AlexaController 291 892 333.00 0.008 0 81 26,970
AlexaService 0 892 9.51 0.838 3 8,615 81,950
BasicErrorController 0 60 0.03 2.572 0 26,434 923
ConfigController 0 153 0.07 53.160 0 546,476 39,970
ContentController 0 10,749 9.86 206.100 11 2,118,942 20,890,000
ContentfulService 2 10,748 17.21 1.626 3 16,713 287,600
ContentService 0 4,653 22.11 345.100 590 3,547,619 78,450,000
CsToolsController 0 29,809 160.10 3.341 6 34,338 5,496,000
DailyContentController 0 325 1.08 10.020 0 103,028 111,500
DiaperController 1 877 11.87 5.500 150 56,534 670,900
DiaperService 0 2,470 12.11 114.200 150 1,173,741 14,220,000
FeedingController 1 2,290 12.54 19.930 501 204,814 2,569,000